;==========================================================
;   HexCapScrew.DAT,   used in ihbolt_f()
;--- Internat hexagonal bolt, JIS B 1176, p.11a-14
;    (Hexagonal scoket cap screw)
;  H = d= head len. , hp = counterbore hole len.
;  dp = dia. of drilled hole with no thread for the bolt
;  d2=dia. of head, d2p=dia. of counterbore hole
;  p=pitch, S = thread length
;
;(0  1    2   3    4   5   6  7     8       9    10  11   );------nth index
;(d  p  d2(D) e    B   m   S  k   ( len  ) d2p   dp  hp   )
;
(3  0.50  5.5 0.2  2.5 1.6 12 0.6 ( 4 20 )  6    3.3 3.3  )
(4  0.70  7   0.3  3   2.2 14 0.8 ( 4 25 )  8    4.5 4.4  )
(5  0.80  8.5 0.3  4   2.5 16 0.9 ( 8 32 )  9.5  5.5 5.4  )
(6  1.00  10  0.4  5   3   18 1   (10 50 ) 11    6.6 6.5  )
(8  1.25  13  0.5  6   4   22 1.2 (12 100) 14     9  8.6  )
(10 1.50  16  0.6  8   5   26 1.5 (14 125) 17.5  11  10.8 )
(12 1.75  18  0.7  10  6   30 2   (18 125) 20    14  13   )
(14 2.00  21  0.8  12  7   34 2   (20 160) 23    16  15.2 )
(16 2.00  24  1.0  14  8   38 2   (25 160) 26    18  17.5 )
(18 2.5   27  1    14  9   42 2.5          27    20  19.5 )
(20 2.50  28  1.0  17  10  46 2.5 (35 180) 30    22  21.5 )
(22 2.50  30  1.0  17  11  50 2.5 (45 180) 32    24  23.5 )
(24 2.50  33  1.0  19  12  54 3   (50 200) 35    26  25.5 )
(30 3.50  42  1.5  22  15  66 3.5 (55 300) 45    33  32   )
(36 4.00  50  1.5  27  18  78 4   (70 300) 54    39  38   )
(42 4.50  63  2.0  32  21  90 4.5 (80 300)           90   )
(48 5.00  72  2.0  36  24 102 5   (90 300)           102  )
