;   HexNUT.DAT Ref. p.11a-35
;d1   H  H1  B    D(d2) H2 D1
(2  1.6  1.2 4.0 3.8   )
(3  2.4  1.8 5.5 5.3   )
(4  3.2  2.4 7   6.8   )
(5  4    3.2 8   7.8 0.4 7.2  )
(6  5    3.6 10  9.8 0.4 9  )
(8  6.5  5   13 12.5 0.4 11.7  )
(10   8  6   17 16.5 0.4 15.8  )
(12  10  7   19 18   0.6 17.6  )
(14  11  8   22 21   0.6 20.4  )
(16  13  10  24 23   0.6 22.3  )
(18  15  11  27 26   0.6 25.6  )
(20  16  12  30 29   0.6 28.5  )
(24  19  14  36 34   0.6 34.2  )
(30  24  18  46 44     )
(36  29  21  55 53     )
(42  32  25  65 62     )
(48  38  29  75 72     )
(56  45  34  85 82     )
(64  51  38  95 92     )
